6.5
昨天晚上做了一个很离奇的梦。
在梦境里，我的学校处在这样一个环境：整个学校围绕一个池子，池子靠岸的浅水处还生长好多茂盛的芦苇。从宿舍，教学楼到图书馆只有一条池边的窄路可以走。一旦人多了就堵住了。然后我和我同学就抱着电脑从宿舍这端跳到池子里，穿过芦苇，最后游到了图书馆那一边。

还有学校旁边的小吃店，每家都是两层的，一楼做菜，二楼用餐。从一楼到二楼有台阶。神奇的是，这些店都遵守一个规定，晚上10点半后，台阶就会收起来，二楼的人就下不来了。但是，下不来的人可以在二楼用店家提供的吊床或者被子在上面过一夜。等到第二天早上开业后再下一楼把钱付了走人。

我梦到我在店里吃小吃结果被意外留在楼上，然而我又有急事回宿舍，于是就从二楼窗户爬下一楼溜了回去。

6.13 6.23 6.28 7.5 7.9 7.10 7.23 8.5 8.12 8.16 8.17 ?(3) 9.11 9.16 9.25 9.30 10.2(3) 10.3 10.6 10.10 10.15 10.16 10.23 10.24 10.26 10.28 10.29 10.31(2) 11.5 11.29 11.30 12.4 12.7 12.10 12.11 12.18 12.21 12.29 12.31 1.7 1.14 1.18 1.25 1.27 1.30 2.10 2.21 2.22 2.23 2.25 2.26 2.28 3.1 3.7 3.13 3.15 3.16 3.22 3.23 3.27 4.2 4.4 4.8 4.13 4.16 4.17 4.23 4.26 4.27 5.8 5.9 5.12 5.16（fail） 5.20 5.22（fail）5.25(fail) 5.31 6.3 6.8 6.14(fail?) 6.24 6.25 6.29 7.2(2) 7.3 7.5 7.12 7.17 7.28 

微信备份：
6.23 备份全部：家庭群 陈垒 嘉 凯 h 
7.2 备份全部：超颖 蛋蛋 子晴 吴轩 
7.5 继续备份：嘉 王凯 
7.25 继续备份：嘉 王凯
8.5 继续备份： 嘉 王凯
8.29 继续备份：嘉 王凯 吴轩

6.24
昨晚梦到自己突然半小时内速成了钢琴，于是兴高采烈地弹了一首，我以为是献给爱丽丝但实际上是土耳其进行曲。后来在朋友面前想要露一手的时候忽然又发现，自己弹不出来了。
自己做出以下三点解读：
考前抱佛脚的心态太明显了。
以为自己理解的题目其实理解错了。
本来“会”的东西在考试的时候又忘了。


如果你现在觉得时间很多，多到用不完，等将来有一天，你会发现，你的事情也很多，多到忙不完，多到觉得余生都不够用。