(481, 0         50
1         66
2         76
3         59
4         60
5         58
6         51
7         63
8         46
9         80
10        45
11        58
12        61
13        82
14        67
15        61
16        45
17        53
18        42
19        49
20        63
21        47
22        44
23        60
24        43
25        79
26        45
27        59
28        32
29        53
          ..
182160    50
182161    37
182162    44
182163    80
182164    59
182165    65
182166    70
182167    60
182168    63
182169    56
182170    47
182171    65
182172    40
182173    57
182174    59
182175    54
182176    51
182177    51
182178    53
182179    79
182180    43
182181    48
182182    56
182183    61
182184    68
182185    63
182186    64
182187    56
182188    78
182189    36
Length: 182190, dtype: int64)
